48 3062 0.6921071778985967
48 5765 0.4932457379607206
118 7880 0.26655220343209457
168 2506 0.43359198122645776
223 10857 0.3480914675475573
266 2506 1.1936880356715716
266 3742 1.393575260361793
266 5810 1.6390419184389065
266 14941 0.6420167996353473
275 698 0.35857979354438685
275 6737 0.11333469494732167
306 2615 0.5006111233946168
306 8766 1.472222484227435
306 12010 0.5922425470383174
313 3433 0.7793070778377451
313 3970 1.0169696345275077
313 4188 0.792686575044984
313 4606 0.7570006605016909
313 9716 1.045565186139522
313 10781 0.8122359495269222
344 8055 0.3766122748775511
352 697 0.5162000581170084
352 11465 0.3164747225293033
468 8695 1.0704066739208522
468 14464 0.29086768873108876
496 2065 0.3152198919817334
496 3828 1.1965583683750063
496 4126 0.6719445018158327
496 7054 0.39498749778117276
496 8043 0.7046463350712208
502 9911 0.21143560587396407
502 11401 0.12927414889855232
515 2622 0.8350797441145207
515 4954 0.5235140640917963
520 6699 0.04014345423018562
520 7510 1.3010875377964803
520 14526 0.29506185264200124
530 4701 0.19808148629415037
530 9295 0.10077056508854783
530 14953 0.9842444382009069
577 6089 0.8579283497799675
577 8027 0.36105405528815665
577 8221 0.8425077389100809
577 12413 0.8372188122806361
577 12664 0.8213201695958833
586 10289 1.9339384828832944
586 11813 1.422615207228182
586 14931 0.37126826345497943
591 590 0.00831926530968873
591 592 0.21884620616610345
591 593 0.02689084230837415
591 7906 0.3865908792997795
591 10127 0.16580891692789407
592 594 0.24628241859018205
593 12563 0.25961598892848736
594 14451 0.3550381243183557
594 14948 0.3959614608749969
589 590 0.021472718754951322
589 1087 1.025685144416598
589 7906 0.3912275907964429
589 10127 0.15181311604220707
589 11134 1.0513595695195765
589 12132 1.1779841604271641
589 12563 0.3026382196060217
589 14451 0.36673747215039926
589 14514 0.5456022977259919
638 2381 0.4297309307746411
683 1631 2.0704046430167886
683 9856 0.2226809519221259
683 14526 0.47927929437695316
696 7278 0.3325955386702886
699 275 0.35430939653719074
699 697 0.11426258849137622
699 698 0.005674169220806336
697 352 0.5162000581170084
697 698 0.11052701352980561
697 3126 1.0598807584178729
697 3407 0.495917982121479
697 4598 0.37859032313366325
697 14514 1.7288788916240245
766 13509 0.3360518772762801
789 2041 0.05932360509048675
789 11923 0.5357673768090967
792 2098 0.9387002604683621
792 8766 0.44364320139698243
795 502 0.590643709578616
795 794 0.013824847801783958
795 12666 0.8861711785043701
830 8170 0.46630285088372564
830 11016 0.15472995194128653
830 11816 0.5587144222232651
833 14504 0.2570277642967683
869 8618 0.49827867282149896
869 14480 0.7834651682106248
884 3405 0.33604898670465627
884 11677 1.4956702681937855
892 2381 0.3370859371455047
927 1631 0.22337357982174813
927 6563 0.28944924290456525
927 11465 0.23612777719913627
937 5523 1.3747950745640374
937 11858 0.1856528353804542
937 12664 0.40221915289246274
988 7883 0.4327156339655519
988 13225 0.37293745886851404
994 12450 0.4162072467751019
994 13504 0.45343280831930427
1049 3411 0.42582273307093477
1049 8329 0.1650832188529935
1049 9836 0.7704657281401301
1062 9666 0.3880213537758124
1068 10609 0.14756719800550927
1074 11677 0.2621198010850692
1087 589 1.025685144416598
1087 7070 0.7635408298945936
1087 10710 0.5908145924355955
1087 12330 0.3407935999903635
1087 13850 0.791794823980558
1087 14451 0.6589527090982185
1087 14480 0.9061034471141267
1184 2538 2.1823815072473045
1184 6125 0.32907324038717195
1184 8281 0.7804237730210455
1184 9457 0.39487535151095443
1244 3062 1.584010698214913
1244 10602 0.7501482363579954
1244 14462 0.8623042808680936
1266 1506 0.9090275973783059
1315 8027 0.7955863006144801
1321 2556 0.18229271164913666
1338 4413 0.364595421995872
1348 313 0.1627401420293551
1348 5129 1.122147800088208
1382 14447 0.11967967793783199
1390 8226 0.2179722063197367
1390 8227 0.20894882665481898
1451 2368 0.30722178005206663
1456 7587 0.6978499830234178
1468 5346 0.11011726860264368
1481 5514 0.17860074105613888
1481 8323 0.9170962801942549
1481 9507 0.24886857882237431
1481 10594 0.3447400225914056
1503 4979 0.3392449176736646
1506 11179 0.4965247280702924
1506 11337 0.4220988489594534
1506 13130 2.058743717533921
1506 14941 1.15561765328607
1521 2027 1.2576760915678906
1521 2939 0.8168050713768363
1521 5861 0.167208378952473
1521 7956 0.7447314952383842
1563 3411 0.15364150348732375
1563 8329 0.38017722637555573
1563 10304 0.2630578952733104
1574 1244 0.8058284021185379
1602 4783 0.20075570962838205
1631 683 2.0704046430167886
1631 927 0.22337357982174813
1631 2098 0.6067339452054217
1631 6563 0.3921912366134602
1631 7977 0.3643946866750561
1631 14410 0.5618147402875968
1655 4027 1.3188250007705755
1655 13130 1.5329156033444815
1663 4698 0.09500304727921621
1663 12083 0.223965469027142
1664 344 1.2665693290671562
1664 14349 1.386242842835434
1665 14415 0.16929560238117045
1666 11926 1.1038266757661142
1684 6062 0.387313759200472
1695 1068 0.43705073931754856
1695 10868 0.6592790909276693
1727 7070 0.3118771570617007
1727 8730 0.4010342532520697
1727 14480 0.5067903875089552
1732 3373 0.22917255889842233
1732 5204 0.08017775390516935
1732 10793 0.4102694085840447
1757 2506 0.3087026066969736
1757 5603 0.14309681173741604
1836 4533 1.0478038835042578
1842 6567 0.23780503477939527
1842 7983 0.33713686452094244
1921 14521 0.2074099908955463
1925 1468 0.40373879859372086
1925 4436 0.26834685386013984
1925 4954 0.43725169896234484
1925 8930 0.5276330286957175
1925 9704 0.3088801536279436
1925 14349 0.9655324217585888
1959 7960 0.12410233228178212
1971 9968 0.4220632010510189
1971 12390 0.23749350223223165
2020 496 1.022096988156902
2020 2065 1.0312731105191388
2020 4368 0.5995556482720457
2020 10780 0.3069890615511392
2020 12737 0.4328772529389242
2027 14397 0.4036780169626785
2037 1925 0.43964464811967324
2037 2071 0.7399376305863135
2041 11816 0.09978758302957251
2047 1521 0.7213006941184477
2047 7039 0.37532342024086696
2047 7530 0.7595753463540514
2065 496 0.3152198919817334
2065 3730 0.34856772642903283
2065 3828 1.2695898591364039
2065 4603 0.6321950052853573
2065 7923 1.1128432678460458
2071 14746 0.2942793687181248
2072 1664 0.10520382215198573
2072 3464 0.8579531799095828
2073 2770 1.3414540232949774
2077 7105 0.3439854693509276
2098 792 0.9387002604683621
2098 1315 0.9170720483971923
2098 1631 0.6067339452054217
2098 6699 0.9016893010501266
2098 7513 1.0831775173093214
2098 8521 0.8515329767528093
2098 13016 0.500570662043735
2098 14899 1.289441362669853
2102 2556 0.7695170943899912
2102 7558 0.6663025046729069
2102 8833 1.7341563439758154
2102 9440 0.38129824121794864
2102 12432 1.105575655819991
2151 2706 0.9259548375379241
2151 14521 0.4532908646469972
2159 9666 0.48537857504466425
2185 6996 0.46487901651935265
2185 10792 0.7355996650970419
2211 5296 0.30736082862996267
2211 7917 0.428393946550879
2272 10990 0.2286556937583178
2273 2274 0.2474705059840852
2273 9457 0.7719280008144561
2301 7012 1.2730166430899885
2301 10646 0.6334790890140334
2301 14920 1.176714811853633
2306 10783 0.3630708573960538
2317 8318 0.5217273807611613
2317 11763 0.20100519007705556
2366 4279 0.39400141395357197
2366 7977 0.39095996136884786
2368 988 0.5389926834209553
2381 8833 0.5777868589375298
2381 13750 0.33051038432790625
2442 13192 0.6431671369609229
2465 586 1.4233915007333016
2484 2483 0.027531840283712933
2484 11979 0.4487157230065571
2484 14949 0.08182237751853307
2495 2102 0.3852749740303815
2501 3516 0.16322464265526576
2506 266 1.1936880356715716
2506 1757 0.3087026066969736
2506 14462 0.7823392529976229
2521 884 0.34846167507881537
2522 1684 1.144946289636716
2523 8336 0.14275994265525416
2523 11114 0.9788793116887629
2523 11934 0.08064410848874809
2526 2561 0.24000032143927796
2526 14551 0.12802452024731645
2528 7098 0.29186673039601496
2528 14417 0.17373106969470017
2538 3828 0.8455368025996134
2538 8788 1.8899530498890185
2538 9142 0.6077384204054403
2552 3970 2.056059172549492
2552 4763 1.432802361828822
2552 7680 0.6367811851722595
2552 8631 0.3548119394408329
2556 2102 0.7695170943899912
2556 7960 0.3284579806792372
2556 10794 0.6277302467685392
2556 12432 0.5217111121673345
2556 14959 0.27037753665525444
2561 2526 0.24000032143927796
2561 10802 0.6288489509743816
2616 12010 0.3383288718680783
2615 2301 0.8473140205558395
2615 7389 0.32590152746488243
2615 8766 1.0861119990972299
2615 10250 0.515425181057234
2615 10802 0.5796603943448692
2615 12010 0.12447451267678698
2615 14450 0.19310830603227672
2623 7246 0.10247765920655563
2622 4955 0.29080202343082406
2622 12820 0.4036722825763299
2634 11136 0.27476729771823116
2634 13850 0.6773342127958359
2634 14451 1.1797719621640936
2634 14480 0.5499823228908769
2634 14551 0.11766897491272806
2637 306 0.844364396780723
2637 3205 0.1316074643987728
2637 3542 0.537676255838332
2683 8618 0.17910291715629503
2683 9163 0.5112126257653484
2683 13430 0.13305815954319866
2691 313 0.8773530970732915
2704 9049 0.854445166938634
2704 11236 0.33832660543413
2706 2151 0.9259548375379241
2706 5523 0.6932454092504342
2706 14526 1.2020995650011812
2718 6226 0.6630412999368146
2732 8796 0.4604756330752178
2756 11147 0.39818114629451457
2770 10673 0.6066333425825506
2939 1521 0.8168050713768363
2939 14941 0.650280625606678
3022 2102 0.8529043065580809
3022 2556 0.8343531722932979
3022 7558 0.2019217089343178
3022 7598 0.5536582185238916
3022 8294 0.7467481457961654
3022 8833 1.3003150733832798
3022 10940 1.1566360132307518
3022 14186 0.888164157736784
3062 2020 0.7948895896908967
3062 7923 0.7006718556945198
3062 12737 0.7988588020860543
3108 3126 0.12912394755774542
3108 11857 0.2152994612783629
3126 697 1.0598807584178729
3126 3108 0.12912394755774542
3149 11872 0.722000927642099
3149 13309 0.27118637953911123
3155 6125 0.3769776044268596
3155 9457 0.42960944442705157
3155 10989 1.495162828140302
3155 11179 1.1381708101651091
3181 7484 0.1632541852935987
3181 8336 0.6558592752848029
3181 14062 0.5264425360203207
3182 4400 0.13560927203207496
3198 6125 0.6086663218626076
3198 14919 0.7899779747852994
3198 14941 1.5071106411273776
3205 306 0.8326724231800765
3205 2637 0.1316074643987728
3205 7994 0.8580363113967447
3218 12432 0.3027988014729681
3219 10252 0.35254421407296777
3219 14515 0.3186275200533222
3332 2756 0.7284821125930697
3373 1732 0.22917255889842233
3405 2704 0.3233352424199463
3405 11830 0.2555135835034072
3407 697 0.495917982121479
3407 698 0.5545813722771338
3407 11134 0.7875223884819884
3411 10821 0.13606716977012884
3411 12757 0.2731178576490431
3433 10262 0.690130210001173
3464 11872 0.9103365609789058
3516 7587 0.27840387772847447
3516 10314 0.8489922312497417
3516 10495 0.2677571740961529
3516 11114 0.44524823149553433
3516 12083 1.129173335909029
3539 3022 1.0876563672954946
3542 306 0.35557345878654883
3542 12900 0.3140123356508281
3568 6061 1.066465439576895
3568 8329 0.34207901943085867
3568 9716 1.0155376623982975
3730 2065 0.34856772642903283
3730 8043 0.40189280110851505
3730 14757 0.21409730106869362
3755 6855 1.08785275252186
3755 11813 0.655761384836364
3755 12609 0.2420004080612341
3755 13855 1.5033771140544014
3812 1925 0.3613727684269468
3819 1068 0.8548277026701795
3819 4533 0.3366616244233869
3819 12450 0.712747087367179
3828 496 1.1965583683750063
3828 2020 0.3102693224321006
3828 5673 0.7955159829440468
3828 8471 0.7995763250021899
3828 11403 0.44226287503750633
3837 13225 0.2602616008080046
3845 14130 0.34339300758916025
3848 12607 0.7518972401825431
3970 869 1.0835847287022837
4027 6910 0.45306432649943135
4126 4766 0.22361111110000564
4162 4598 0.18056239301938987
4162 13791 0.541563950376838
4188 8941 0.44391026927191485
4204 8023 0.37205883641688686
4208 14521 0.24015250423433895
4279 13312 0.29686180119523226
4279 14775 0.3273954926397164
4368 2020 0.5995556482720457
4368 2065 0.505842561967071
4368 12356 0.47894117076305337
4401 4400 0.02659467664126478
4401 9569 0.6234541234829648
4401 12681 0.0795954942672159
4401 14757 0.5835501559740648
4414 4413 0.009894585857797586
4414 9968 0.29396312428382654
4427 2615 0.6094257652336817
4427 14469 0.1756503557598249
4435 2637 0.6067209097930465
4436 2770 0.17049967420284892
4436 11814 0.4699701198347912
4451 1695 0.48397738062279605
4451 4533 0.1034814500481223
4451 5861 0.3289508199253805
4533 2027 0.7382053020211241
4533 3819 0.3366616244233869
4533 4451 0.1034814500481223
4573 14742 0.3678391397464348
4598 697 0.37859032313366325
4598 698 0.27383110400994953
4598 4162 0.18056239301938987
4603 2065 0.6321950052853573
4606 11417 0.9213267490262771
4611 11175 0.25653345510582626
4656 7029 0.18668754014369413
4677 3022 0.7432033601732199
4677 13995 0.6189410635458442
4692 766 0.31678226444923
4692 7765 1.6160626258620243
4692 12376 0.9062434759025303
4698 1666 0.2165938073232683
4698 9216 0.19417381954350307
4701 530 0.19808148629415037
4701 5514 0.8425082331683759
4716 4715 0.02641494159022327
4716 8027 1.1562291711571349
4716 8221 0.6895379078524548
4716 11465 0.9638921348659518
4716 14410 0.25795371309531295
4714 2098 1.0361740001232522
4714 4715 0.17819729173284007
4714 14410 0.41635404935770065
4725 9859 0.3365471230905218
4725 11399 0.36104027081269907
4748 1503 0.6280430241129018
4748 5335 0.37846801732810464
4748 11016 0.41063222855542525
4763 2465 0.18059166300051077
4763 7844 0.28567793524012575
4763 8415 0.1704996741710804
4763 9836 0.6730203021696359
4763 10026 0.7720459930845439
4766 5101 0.3043284783149382
4766 9179 0.19344983715120362
4783 589 1.1890530779526953
4723 6131 0.5119438415678542
4956 1925 0.4506329558737051
4956 3812 0.13156524023291524
4956 7983 0.6914659408358784
4956 9859 0.43287598424478485
4979 1062 0.22595647184913123
4954 1925 0.43725169896234484
4954 8930 0.24777559795492538
4954 11520 0.8765874928998851
4954 11838 0.6029982315781094
4954 12082 0.7793659381284184
5101 4400 0.11214681481612336
5119 14941 0.7100897613307443
5129 3568 1.0072276230496586
5129 8059 0.990897499686974
5129 11733 0.6213190990379925
5204 1732 0.08017775390516935
5204 10793 0.3300917614299109
5204 10794 0.26633524350373705
5296 6131 0.5019531297726448
5296 13130 0.6291485771710865
5335 4748 0.37846801732810464
5335 7484 0.23829140397820475
5335 10783 0.23408229667340127
5335 13062 0.77459676885329
5335 13509 0.4006581198281933
5346 4955 0.13031737287162615
5466 10853 1.0783539410373484
5514 1481 0.17860074105613888
5514 4701 0.8425082331683759
5523 2706 0.6932454092504342
5523 9856 1.0395231702494967
5523 10268 0.49450701847044476
5523 11735 0.5530876434395624
5523 12664 1.2674803977726936
5603 1757 0.14309681173741604
5639 7663 0.6314953838358801
5673 397 0.12460833697390071
5765 4573 0.3865074904079275
5774 3198 0.46042686849896786
5810 10775 0.6191409652940622
5861 1068 1.0891146661972986
5861 1521 0.167208378952473
5861 4451 0.3289508199253805
6063 6062 0.005175818841495078
6063 6937 0.5563489568310742
6063 8453 0.39437702480822495
6063 12255 0.27439492842220303
6063 13017 0.26756675837260624
6061 6062 0.10824392497771726
6061 8329 1.3886982368342156
6061 9158 0.7353412116241012
6061 9163 1.0298796825978451
6061 9716 0.20255962386853935
6061 11526 0.1171366196603656
6061 11763 0.8329184152766189
6061 11810 0.9971765696655165
6061 13421 1.1869570233466384
6090 577 0.8295270796445506
6090 6089 0.03211292466724326
6090 8595 0.5826674718621839
6090 9911 0.8618847281880483
6110 1390 1.3254172705979885
6110 8226 1.45096522256893
6125 3332 0.23030608985831652
6125 13130 0.44357988833629564
6131 8499 0.6759232368361897
6136 1468 0.3790023046219559
6136 10792 0.2940534616342136
6146 830 0.21396409214049436
6146 2041 0.5370899240159078
6226 10792 0.42139117766805667
6226 11979 0.07295567737958168
6252 2552 0.8544300407192849
6252 10781 0.5730951405507415
6508 12900 0.4746305385944675
6563 1631 0.3921912366134602
6563 2366 0.36200072048808557
6567 11520 0.2285302611028868
6699 520 0.04014345423018562
6699 2098 0.9016893010501266
6699 7977 1.5881695389536545
6737 275 0.11333469494732167
6737 8982 0.9008919620470935
6758 7571 0.3997805145844387
6758 12787 0.08328239187106647
6771 13094 0.27951194790431816
6800 2047 0.3847225230473457
6853 2159 0.7998526581086166
6855 3755 1.08785275252186
6855 10853 1.3254247513529012
6910 7993 0.14594757433026612
6920 2693 0.43056899621141265
6920 9824 0.21790387509355946
6920 11401 0.40690386595122063
6996 2185 0.46487901651935265
7012 11534 0.49237785965928016
7029 13239 0.13414596117765515
7039 2047 0.37532342024086696
7039 11617 0.30909091110047193
7054 496 0.39498749778117276
7054 11566 0.12272874841195767
7070 9623 1.0507124272434585
7070 9994 0.9770711619394864
7070 11283 0.1106832037749851
7070 12563 0.9589296051183601
7084 6853 0.6732242875235046
7084 9541 0.7349376915136011
7098 7983 0.45851949082550064
7098 9682 0.8551236734136916
7105 8895 0.228138772135165
7142 1836 0.19130143375874398
7227 8278 0.19481749929036993
7227 8595 1.5730855991629695
7227 8710 0.16458069610967266
7227 10206 1.427067105832986
7227 10428 0.23058734720871663
7244 2102 1.0165751520381665
7244 3022 1.273875669896217
7244 10793 0.5964762009200162
7246 12820 0.3605521314850065
7272 3022 0.444454116396378
7272 14504 0.1874866602255758
7272 14520 0.0843786715323552
7279 2495 0.43545463992931066
7279 6771 0.2738076691164417
7279 7278 0.02240134963773793
7389 8323 0.42852180966366266
7389 11918 0.7107312353877396
7405 313 0.6604772872336544
7405 8329 0.8104435037360987
7405 10781 0.6766154080719667
7484 3181 0.1632541852935987
7484 5335 0.23829140397820475
7484 8170 0.3704257019276666
7484 11934 0.41359105615677694
7484 12082 1.8058470277723964
7510 4208 0.6538103535111162
7513 2098 1.0831775173093214
7513 8221 0.4482821290396612
7530 2047 0.7595753463540514
7530 12450 1.1315816051391367
7536 8493 0.015918387468740726
7536 10697 0.35288954032686665
7536 11399 0.6738425147287226
7558 14504 0.1333752826738896
7571 10782 0.34593996574263197
7587 3516 0.27840387772847447
7587 8796 0.5115500832233267
7587 13284 0.5070147592279803
7598 3022 0.5536582185238916
7598 8294 0.24198892936138086
7598 14495 0.3333444268448707
7607 7141 0.061450778191674965
7610 5335 0.5055791356190102
7610 7484 0.3832103265583464
7610 8170 0.11336226474655664
7610 10783 0.706825737725309
7610 11016 0.4876135511415904
7663 7571 1.338393407620405
7680 3568 0.42082269882801576
7680 8329 0.10846608674589914
7728 2552 0.7433908381473323
7728 10781 0.5826938293435129
7728 12026 0.2992588582361481
7765 10793 0.7612329585460861
7785 7243 0.0323651273758906
7844 4763 0.28567793524012575
7880 11136 0.2629499377189789
7884 2272 0.07992749574258083
7884 7883 0.014178450813686757
7884 12435 0.06863432498455461
7884 13225 0.10080642901479366
7906 589 0.3912275907964429
7906 5466 1.2199505403601456
7906 10853 0.24717789866359938
7917 5774 0.2434488880995115
7923 4573 0.5083224801230007
7923 8471 0.40528196629911617
7923 10602 1.705344019640296
7923 13888 0.5590390785676433
7956 4204 0.14178154386196679
7960 2556 0.3284579806792372
7960 10735 0.0799445216190667
7960 10793 0.2614513150411864
7973 2552 0.5615845773972579
7974 2037 0.39405967154533905
7974 10673 0.2929008280559844
7977 1631 0.3643946866750561
7977 2366 0.39095996136884786
7977 6699 1.5881695389536545
7977 14899 0.6776669422060361
7979 14815 1.1340222919195988
7983 4954 0.705829179278117
7983 5346 0.7577176032107147
7983 12082 0.31887933109388783
7993 7883 0.4194631638462098
7994 2634 0.21149836563978866
7994 3205 0.8580363113967447
8043 496 0.7046463350712208
8043 5101 0.4203061165412836
8043 14392 0.4292279035149162
8044 10783 0.42811323428533976
8044 12607 0.3449240612500866
8055 14349 0.4641487130129265
8059 3516 0.3571742667029105
8059 8941 0.7279754820531603
8027 520 0.9045572205967878
8027 4715 1.1359163728637112
8027 8221 0.6194095655718465
8027 9894 0.1682242037208259
8027 11545 0.8666426267302401
8027 11598 0.7553471934563557
8027 12664 0.9025512536022611
8027 14410 1.3518316906369714
8077 11637 0.7244492373138222
8169 9158 0.11000315654056782
8169 13421 0.6255647448506009
8170 830 0.46630285088372564
8170 4748 0.19020720513143902
8170 7484 0.3704257019276666
8199 2538 1.1420926482982132
8199 13883 0.820371462511525
8199 14947 0.42805997187180045
8221 4714 0.5286070239811944
8221 4715 0.6790871281828794
8221 7513 0.4482821290396612
8221 8027 0.6194095655718465
8221 8982 0.6278193200813884
8221 10858 0.2534225597630157
8221 11349 0.790083309346502
8221 14410 0.9379203583912606
8226 2552 0.7996652462964633
8226 7728 1.0053342297891534
8226 10304 0.8764450202324416
8274 118 0.2019217089453262
8274 2634 0.5085369961978188
8278 7227 0.19481749929036993
8278 14392 0.6027921785643828
8281 1184 0.7804237730210455
8281 11179 0.8860309088642704
8281 14941 0.6364643002690286
8294 3022 0.7467481457961654
8294 7960 0.3044550890587412
8294 10793 0.4648380177879834
8318 2317 0.5217273807611613
8318 2683 0.9014077638947693
8318 12563 0.28249685895701626
8323 2211 0.40897842097714293
8323 10989 0.20833629624183866
8323 14295 0.041422432332934606
8329 313 0.38005299336086706
8329 1049 0.1650832188529935
8329 1563 0.38017722637555573
8329 3568 0.34207901943085867
8329 6061 1.3886982368342156
8329 8631 0.4288411207023668
8329 10026 0.4342196243128652
8329 10821 0.4983984381532314
8329 13421 0.2400464525302154
8336 2523 0.14275994265525416
8336 2704 0.2775635284819976
8336 15001 1.1457689450460524
8343 8342 0.02056738307803153
8341 8221 0.19269150334007087
8415 4763 0.1704996741710804
8415 14931 1.386053828686983
8453 6937 0.41109853586808626
8453 12609 0.3800611142966844
8460 5523 0.64289450824447
8471 10779 0.6832602716278862
8493 10830 0.9758227377665925
8499 2706 0.2892301670606623
8499 8460 0.29123036152806314
8508 4979 0.3414791716335377
8521 1921 0.577315052377838
8521 13131 0.8139323605249027
8522 2538 1.6244089143386256
8545 1574 0.10559209892200103
8545 5119 0.24603977519907644
8565 8695 0.6218392298018502
8565 12330 0.3643260732571982
8595 520 1.29365143208377
8595 11598 0.24418057095163456
8595 12407 1.1373909525903512
8595 12667 0.38985579493464273
8618 2683 0.17910291715629503
8618 14480 0.31490065556306784
8618 14481 0.30839024969434414
8631 10247 0.36813914953197313
8695 7880 1.1150835239420451
8695 8274 0.7124555974844212
8695 8565 0.6218392298018502
8695 14450 0.33965544005578024
8710 7227 0.16458069610967266
8710 9179 0.4014246427393251
8710 9911 0.2749653457702098
8710 13469 0.37289170716095943
8728 11318 0.31742842100661517
8728 14462 1.4572109437550154
8730 1727 0.4010342532520697
8730 2526 1.0880087855442362
8730 11134 1.001319538338419
8730 13850 0.7043573596636716
8766 792 0.44364320139698243
8766 2615 1.0861119990972299
8788 2538 1.8899530498890185
8788 13130 0.25397154015713996
8791 10117 0.37029194769519663
8796 2732 0.4604756330752178
8796 7587 0.5115500832233267
8833 3022 1.3003150733832798
8833 7558 1.3008175255228633
8833 9554 0.5915464145027586
8833 14919 1.1308197888704183
8833 14941 1.60929495330142
8860 10940 0.8226800527275177
8860 11617 1.0105591060671641
8895 2552 0.4060240825005881
8895 10781 0.43898065145033904
8930 6758 0.7856724826541946
8930 12083 0.7483910323409616
8941 10970 0.28028644965295507
8982 6737 0.9008919620470935
8982 8221 0.6278193200813884
9008 9162 0.5301411994191069
9023 2522 0.6062072181989687
9023 8329 0.681807521905012
9049 2637 0.5052927430662176
9049 3205 0.48840545852222167
9129 2037 0.2671257622401542
9142 14227 0.4264977240183144
9158 6061 0.7353412116241012
9158 8169 0.11000315654056782
9158 9836 0.3804830628751944
9158 12609 0.4037869541667885
9162 1244 0.31944444446400044
9163 2683 0.5112126257653484
9163 6061 1.0298796825978451
9179 5101 0.4881181658858852
9179 8710 0.4014246427393251
9216 1664 0.4370668520463618
9216 2072 0.3782547077329953
9216 2073 0.3225767798473336
9216 7029 0.5743120548790647
9295 530 0.10077056508854783
9295 10793 0.3689542487618193
9295 10794 0.4327518103234176
9398 10940 0.9624308938307794
9398 12625 0.4556724951666302
9440 696 0.11745270921500563
9458 9457 0.7706491321498975
9457 1184 0.39487535151095443
9457 1655 1.3704131687721117
9457 2538 2.3426600964104676
9457 3155 0.42960944442705157
9457 10279 0.41396503774745647
9457 10287 0.9088010178006452
9457 13130 0.40876375655923486
9457 13192 0.8427843697052676
9457 14483 1.5028623410115869
9507 12731 0.6221757175038074
9541 12376 0.4561751375550039
9554 9929 0.17497266102105344
9569 5101 0.7279961501709437
9569 14392 0.6335128887929254
9623 11526 1.0864728369630177
9647 11469 0.8590409704973976
9666 12545 0.09304933645317622
9704 4955 0.295807805646442
9716 1602 0.804753671808508
9716 5129 0.2582711992159296
9824 8027 1.054182806161615
9836 1049 0.7704657281401301
9836 4763 0.6730203021696359
9836 9158 0.3804830628751944
9836 11813 0.7516916108288013
9856 683 0.2226809519221259
9856 11598 0.1811387979972864
9856 12664 0.3180440299240451
9859 4725 0.3365471230905218
9859 4954 0.4119747871945824
9864 1727 0.6650810426470282
9889 11617 0.47310252909945333
9889 14369 0.3194605068991989
9896 8833 0.7821067030929237
9905 698 0.23293307613932326
9911 794 0.7051884232875318
9911 6089 0.848725793500213
9911 8710 0.2749653457702098
9911 10591 0.24576992279852905
9928 6511 0.10319360329024788
9928 10792 0.57697861395107
9928 11839 0.20837481069549324
9929 3198 0.25212140049255477
9929 4027 0.19236366820317222
9929 9458 0.14912397534819077
9929 14941 1.4684517755734905
9968 1971 0.4220632010510189
9968 4413 0.29688203416391873
9968 12390 0.18457680152984515
9968 12802 0.8631438820472258
9994 5129 0.9802952518371258
10026 4763 0.7720459930845439
10026 8329 0.4342196243128652
10117 4677 0.23073219471473239
10123 2623 0.4565403743478318
10123 6758 0.21140859887046975
10127 589 0.15181311604220707
10127 3219 0.19009825269811315
10206 5523 1.059210120956428
10206 10268 1.3509256086106272
10206 12664 0.5740596847153674
10248 1348 0.23644652769568084
10248 10247 0.012278699761601345
10248 10446 0.13368160237969834
10248 10657 0.2222216730510937
10248 13263 0.5617697671784178
10250 468 0.17441812436788934
10250 7389 0.30414028293260487
10252 8318 1.0191791207901235
10252 11857 0.5388949025648648
10262 3516 0.23444082409000308
10262 11114 0.5972810048699015
10268 8199 0.7849888436247111
10268 12362 0.4476462792705331
10268 13130 1.2649026764055877
10279 9457 0.41396503774745647
10279 11179 1.1538153630395223
10287 468 0.13250902608301457
10289 1390 1.1909702056451383
10304 1563 0.2630578952733104
10304 2552 0.09833490601861844
10304 8226 0.8764450202324416
10314 8336 0.2975368272263455
10377 927 0.6893797533809295
10377 14410 0.24011715890372662
10402 2306 0.3077903126432204
10428 7227 0.23058734720871663
10441 48 0.45600460589327635
10441 14462 0.27870207335211167
10495 3516 0.2677571740961529
10495 11417 0.33731419218820324
10578 11253 2.7745375685067346
10578 14815 0.7725769069395865
10591 9911 0.24576992279852905
10591 10206 0.8381157677041201
10591 12664 0.7682644381290554
10594 1451 0.1569948397181426
10594 2615 0.6107648009360608
10597 13504 0.2196618122394617
10602 2020 1.251580975490182
10602 7923 1.705344019640296
10602 11337 0.5095762733770913
10609 10441 0.8384868936625207
10617 10793 0.6545852634994197
10626 14392 0.6185220462137097
10646 3542 0.5584204603051316
10646 10768 0.9215450157515409
10656 833 0.42108509158826934
10657 8169 0.7316846998537004
10657 14890 0.12936603487117576
10668 14397 0.18900690758379157
10673 8055 0.32673338789794304
10673 12543 0.8884448978422445
10688 14480 0.4342458341249687
10698 2718 0.5257720565727105
10698 7536 0.3119333153280268
10698 10697 0.06364868137858398
10700 12271 0.5233165986066796
10710 1087 0.5908145924355955
10710 14775 0.37964459097542935
10735 3218 0.16382484633859606
10735 10793 0.24548594417187672
10735 10794 0.2692604840882124
10768 2523 0.7518282756813883
10768 11934 0.7661451527252409
10776 10775 0.3596636917482875
10779 11403 0.31843863391751526
10780 11403 0.3844224664422038
10782 10781 0.35952858361683654
10783 3181 0.2758422847043122
10783 5335 0.23408229667340127
10783 8044 0.42811323428533976
10781 313 0.8122359495269222
10781 1563 0.38313450407567046
10781 7680 0.49923166273865544
10781 8631 0.21148103553010336
10704 9968 0.5529486754703381
10792 515 0.30120706244109025
10792 6136 0.2940534616342136
10792 9928 0.57697861395107
10792 11979 0.4523500023748507
10795 5204 0.29098277530699357
10795 10260 0.055327800831271354
10795 13505 0.10852601816445097
10795 14495 0.41289655452545054
10793 2637 1.9098614292835443
10793 7084 1.0544843980239238
10793 7960 0.2614513150411864
10793 8294 0.4648380177879834
10793 9295 0.3689542487618193
10793 10656 0.49249945166507675
10793 10735 0.24548594417187672
10793 12953 0.5373781802668554
10793 13505 0.169029546644664
10793 14186 0.5558567239881164
10802 2561 0.6288489509743816
10802 2615 0.5796603943448692
10802 2616 0.27912178508910107
10821 8226 1.054277954877119
10821 10304 0.22534369895831785
10830 1842 0.19697578494396278
10830 2622 0.9595891127880711
10830 14800 0.6827442130607138
10853 6855 1.3254247513529012
10853 7906 0.24717789866359938
10853 8318 0.5000111109874348
10857 3828 0.8178337276970724
10857 9647 0.22900516189590386
10857 13842 0.24815134397859281
10858 8221 0.2534225597630157
10858 11349 0.6316781490453673
10858 11465 1.4565323536312118
10868 168 0.22082634512786187
10868 8545 0.5754493681967381
10880 2637 1.0226764163360371
10880 9049 0.5259425695187869
10940 3022 1.1566360132307518
10940 8833 0.5525254169552543
10940 8860 0.8226800527275177
10940 9398 0.9624308938307794
10970 14415 0.19127516367877173
10990 10989 0.19204764814689784
10990 14472 0.15821822858413992
10989 1481 0.7749672424486679
10989 2615 0.8514672341017174
10989 8791 0.2965924012065611
10989 11918 0.8865138844521174
10989 14469 0.4489794397239887
11016 4748 0.41063222855542525
11016 7098 0.5101020383074184
11016 8508 0.7417368880650302
11016 14417 0.41659749425127957
11116 2501 0.273118208475279
11116 11115 0.023088646750548617
11116 11117 0.2662176234347105
11117 4656 1.3980268441377004
11117 7610 0.5634472334417545
11117 11116 0.2662176234347105
11117 11118 0.40207438537808315
11117 11677 0.7984061486801335
11118 830 0.13587320917925905
11118 12083 0.9332262841604688
11118 14417 0.42865661710615643
11134 589 1.0513595695195765
11134 3407 0.7875223884819884
11134 8730 1.001319538338419
11134 13305 0.8009844444110816
11114 10970 0.9451478590040658
11114 11923 0.04662862206717181
11114 14479 0.4232590522964809
11136 7070 0.3984677442990708
11136 12132 0.045177974505226315
11147 2615 0.3982106002307366
11175 10830 0.7171914530106519
11179 223 0.7663845092866268
11179 1506 0.4965247280702924
11179 1655 0.5959944744699843
11179 3155 1.1381708101651091
11179 10279 1.1538153630395223
11226 7610 0.71381138786795
11236 11886 0.3247112915536499
11253 10578 2.7745375685067346
11283 12563 0.9003703798936256
11283 13855 0.9777718591468115
11318 10609 0.106970410183649
11337 1506 0.4220988489594534
11337 13304 0.5691797487681749
11337 14462 1.1673943827693045
11349 8221 0.790083309346502
11349 10377 0.08295516044474945
11349 13791 0.38557927000587927
11399 4725 0.36104027081269907
11399 5639 0.3311610932787522
11399 10830 0.31253308466614166
11401 937 0.4418525988307975
11401 9911 0.30957283395169316
11403 1266 0.31019010502072264
11403 10857 0.46117302129979265
11417 10495 0.33731419218820324
11417 14492 0.161032787516404
11465 352 0.3164747225293033
11465 927 0.23612777719913627
11465 4715 0.9823949053130767
11465 13305 0.5861332275767228
11465 13791 0.45435240856361186
11465 14410 0.7767394358824151
11469 11708 0.9365085704075289
11520 14479 0.5548720795901997
11526 6061 0.1171366196603656
11526 9158 0.6388981883218023
11526 12609 0.609482235687334
11534 7084 0.5323087671159369
11534 12607 0.49170793924444917
11534 13505 0.5433147292651286
11534 14920 0.8350904696638342
11545 6089 0.30339431345262113
11566 7054 0.12272874841195767
11566 11858 0.876871895455096
11598 12413 0.19333413161019747
11617 7039 0.30909091110047193
11617 8860 1.0105591060671641
11617 9889 0.47310252909945333
11617 14868 0.32483435949324857
11637 8077 0.7244492373138222
11637 12450 1.1055170638433776
11677 1662 0.49933748720429827
11677 11117 0.7984061486801335
11708 13130 0.2743411017645296
11712 12820 0.20850085857917136
11733 313 0.3813442759311227
11735 12362 0.21816663833704975
11763 2317 0.20100519007705556
11763 6061 0.8329184152766189
11810 8329 0.39756017086389495
11813 586 1.422615207228182
11813 3755 0.655761384836364
11813 9836 0.7516916108288013
11813 12609 0.678085654143187
11814 7246 0.513063977539237
11814 12026 0.6017654710000444
11816 830 0.5587144222232651
11816 2528 0.06690524439371456
11830 1382 0.12891343159609991
11830 10880 0.7682756867842447
11838 344 0.3055537878882907
11838 12543 0.4008749112396414
11855 1662 0.2067351087340366
11857 14515 0.3671501883612581
11858 937 0.1856528353804542
11858 11566 0.876871895455096
11858 12665 0.6015975826075521
11872 8226 0.6748082146671684
11872 13309 0.547481678501215
11886 11954 0.5824576098180291
11886 12789 0.27504278567048684
11916 6508 0.4502353636522367
11918 2301 0.30361568561137436
11918 7012 1.5029078810435406
11923 6146 0.13574127760334495
11923 11830 0.69538697149528
11926 3405 0.35389771924509
11934 2523 0.08064410848874809
11934 7484 0.41359105615677694
11934 7610 0.4763447501870786
11934 14447 0.3472582203339558
11955 9163 0.8509470477944555
11955 9994 0.7428747083813664
11955 12271 0.2643961009381163
11954 2634 0.779312473965219
11954 8618 0.27557025613969593
11954 12271 0.25834617652392206
11954 14480 0.3336944802972975
11979 2483 0.4235504458061206
11979 10792 0.4523500023748507
11979 14949 0.3695250539302086
12010 988 0.5761378971486784
12026 6252 0.10928111052871191
12026 10123 0.3048695581483689
12084 1662 0.21302876815909352
12084 2528 0.3802097821215282
12084 2622 0.606186742577257
12084 4954 0.8425488524843663
12084 12082 0.0677299531848762
12084 14479 0.5221760881647779
12082 2622 0.538539692130487
12082 11855 0.42431544356677525
12082 12083 0.08735795623189978
12082 12820 0.25619259371493247
12082 14417 0.6083747449323733
12132 589 1.1779841604271641
12132 2634 0.3199452595562755
12132 12330 0.6126810642535002
12132 14480 0.4217667498937298
12255 2317 0.6546727813410507
12255 5129 0.6676109053489919
12255 9163 0.769034286963047
12271 2521 0.4235601061850963
12271 11954 0.25834617652392206
12271 13284 0.7291311631310277
12330 1087 0.3407935999903635
12330 8565 0.3643260732571982
12330 12132 0.6126810642535002
12330 13994 0.48881983407946844
12356 4368 0.47894117076305337
12356 7923 0.8915689631265236
12362 2442 1.0161031377322944
12362 13130 0.8769877333949802
12376 12607 0.5617456533881571
12390 1971 0.23749350223223165
12390 9968 0.18457680152984515
12407 5523 0.3438103482674392
12413 12666 0.10175108375567124
12432 1321 0.3394189842945306
12432 2102 1.105575655819991
12432 7243 0.05004789024376808
12432 7785 0.08073829844555162
12432 13868 0.10013108692547233
12432 14504 1.1862689851053563
12436 1184 0.8788670560688466
12436 2269 0.20507506176878873
12435 2273 0.1770320454738293
12435 3198 0.7998954888910766
12435 12436 0.13393156533431877
12450 994 0.4162072467751019
12450 3819 0.712747087367179
12450 7530 1.1315816051391367
12450 8728 0.8112143199850637
12450 10668 0.4415048620604452
12450 11637 1.1055170638433776
12543 313 1.9407244574761298
12543 3149 0.15639505604869652
12543 11814 0.26874450899424096
12563 589 0.3026382196060217
12563 7906 0.29141232303039266
12563 8318 0.28249685895701626
12607 8044 0.3449240612500866
12607 11534 0.49170793924444917
12607 14922 0.3942132538403336
12609 3755 0.2420004080612341
12609 9158 0.4037869541667885
12609 11526 0.609482235687334
12609 11813 0.678085654143187
12625 9398 0.4556724951666302
12665 11598 0.14347967166381487
12667 937 0.2702702604479663
12667 6089 0.6893174338499042
12667 6920 0.16074786024364016
12667 12666 0.020023838388007878
12664 794 0.9681026429634813
12664 937 0.40221915289246274
12664 2693 0.5787942448172356
12664 6089 0.7378811014713533
12664 8027 0.9025512536022611
12664 9856 0.3180440299240451
12664 10206 0.5740596847153674
12664 10591 0.7682644381290554
12664 14182 1.5198507734246038
12731 7993 0.174346442716826
12737 4368 0.28059075691129076
12737 4381 0.1104371923950405
12757 4763 0.8243296004504318
12763 12802 0.4126496174599905
12787 12083 0.8466532503167212
12789 10688 0.11750755160214314
12804 4413 0.4569568047947005
12804 10402 0.4798940024695563
12804 10704 0.2052378568358152
12804 12802 0.21112588452428502
12804 12803 0.010079650312387242
12805 4692 0.4043242587725858
12805 12763 0.3639322577613311
12806 12805 0.1387363311109354
12802 1338 0.27218055231668214
12802 7765 1.1810272260240353
12802 9541 0.2134788638001744
12802 9968 0.8631438820472258
12802 10402 0.600023211999759
12802 12803 0.2013651061824117
12820 1662 0.2540310180843212
12900 1451 0.43622476365311214
12900 2615 0.5387462154291128
12953 10793 0.5373781802668554
13016 2098 0.500570662043735
13016 14410 0.25972950076672663
13017 9716 0.2769972367180186
13062 12082 1.018538993879665
13062 14479 0.6106326409482581
13094 10940 0.38737811709354647
13131 2442 0.20351361169213505
13130 2442 0.4283896237981424
13130 8199 1.0018472136273207
13130 8499 0.7645875591925145
13130 8788 0.25397154015713996
13192 7883 0.30025094703160216
13192 13225 0.3008584896968269
13226 2615 0.9138650614719579
13226 7883 0.1051114952022131
13226 14473 0.11321048428685587
13226 14475 0.2741740948971417
13239 7405 0.3152885460889483
13263 8227 0.9672305087075995
13284 7587 0.5070147592279803
13284 12271 0.7291311631310277
13304 14941 0.843834758018292
13305 11134 0.8009844444110816
13305 11465 0.5861332275767228
13309 11872 0.547481678501215
13309 14349 0.14656983337476112
13312 9864 0.6959250881753183
13312 14899 0.4164022309149317
13421 1049 0.10912566376662357
13421 8169 0.6255647448506009
13421 8329 0.2400464525302154
13430 12271 0.3500070602379278
13469 8710 0.37289170716095943
13504 994 0.45343280831930427
13504 10597 0.2196618122394617
13504 10776 0.619818282674702
13505 10793 0.169029546644664
13505 10794 0.13947496767244405
13505 11534 0.5433147292651286
13509 766 0.3360518772762801
13509 5335 0.4006581198281933
13750 3845 0.28724532470677644
13791 4162 0.541563950376838
13791 11349 0.38557927000587927
13791 11465 0.45435240856361186
13791 14410 0.38041775680818046
13842 14947 1.0519942848055697
13850 8618 0.3596535756188005
13855 3755 1.5033771140544014
13855 14480 1.1176157520229173
13868 12432 0.10013108692547233
13883 10206 1.1198959662727688
13888 5765 0.3186918670578636
13995 7598 0.40855134022723827
13994 12330 0.48881983407946844
14062 3181 0.5264425360203207
14062 14922 0.4507405601035037
14130 696 0.17123700378506407
14182 14227 0.3345769624847297
14186 3022 0.888164157736784
14186 5514 0.9539665405125044
14186 14922 1.2472351211483388
14196 10673 0.30768851492666416
14295 7917 0.2979732204175213
14295 10989 0.1973718133407008
14349 1665 1.3983573759467858
14349 1925 0.9655324217585888
14349 2077 0.5127710063571331
14349 7728 0.8010394482131217
14349 12543 0.3171128678357479
14349 13309 0.14656983337476112
14369 9889 0.3194605068991989
14369 14941 0.438325235739887
14392 8043 0.4292279035149162
14392 8278 0.6027921785643828
14392 9569 0.6335128887929254
14392 10626 0.6185220462137097
14392 12356 1.3024178903855665
14392 14757 0.5841463249900511
14397 1695 0.8750266310178196
14397 11637 1.5306926990847225
14410 927 0.6349808614151735
14410 1631 0.5618147402875968
14410 4714 0.41635404935770065
14410 4715 0.26203035794294766
14410 8221 0.9379203583912606
14410 10377 0.24011715890372662
14410 11598 1.9715655010006017
14410 13016 0.25972950076672663
14410 13791 0.38041775680818046
14415 11712 0.1301675677016995
14415 11855 0.20636926035401057
14417 830 0.37223476344763895
14417 2528 0.17373106969470017
14417 11016 0.41659749425127957
14447 6146 0.5864838862060929
14447 7610 0.22655770803446165
14450 2615 0.19310830603227672
14450 8695 0.33965544005578024
14450 12010 0.1917049075963015
14451 590 0.3579716251311459
14451 8730 0.2693513584528603
14464 2211 0.1806269089602389
14464 5296 0.2275679927857402
14462 48 0.33955365129446163
